/User/jasonzhao/Desktop/main.cpp
193 195 196 197 198 200 203 205 207 209
193 195 196 199 200 201 203 205 208 209
196 199 200 201 203 204 207 208 209
193 195 196 197 198 200 202 204 206 208 209
195 200 201 203 204 207 208 209
193 195 196 197 198 200 201 202 204 205 206 208 209
196 198 199 200 201 206 208 209
195 198 200 201 203 204 205 206 208 209
195 196 197 198 200 205 209
193 195 197 200 201 203 204 207 208 209
193 195 196 198 200 201 205 207 208 209
193 195 196 197 198 200 201 207 208 209
193 195 196 197 198 200 203 205 206 208 209
195 200 201 203 206 208 209
196 197 198 200 201 204 205 206 208
195 196 197 200 201 207 208
199 200 201 